n =  10000
T =  1.9600
V =  0.39700
delta =  0.0095896
left_border =  0.38741
right_border =  0.40659
interval =

   0.38741   0.40659