n =  1000000
T =  1.9600
V =  0.39611
delta =    9.5859e-04
left_border =  0.39515
right_border =  0.39707
interval =

   0.39515   0.39707